# oST version 5.0 parameters


[image]

width
640

height
480

[narrow_stereo]

camera matrix
845.345928 0.000000 331.476613
0.000000 843.454039 290.901214
0.000000 0.000000 1.000000

distortion
-0.236651 0.214940 0.001536 -0.001112 0.000000

rectification
1.000000 0.000000 0.000000
0.000000 1.000000 0.000000
0.000000 0.000000 1.000000

projection
817.790039 0.000000 331.156345 0.000000
0.000000 823.838867 292.329863 0.000000
0.000000 0.000000 1.000000 0.000000
